0 60
1 68.4147
2 69.093
3 61.4112
4 52.432
5 50.4108
6 57.2058
7 66.5699
8 69.8936
9 64.1212
10 54.5598
11 50.0001
12 54.6343
13 64.2017
14 69.9061
15 66.5029
16 57.121
17 50.386
18 52.4901
19 61.4988
20 69.1295
21 68.3666
22 59.9115
23 51.5378
0 50.9442
1 58.6765
2 67.6256
3 69.5638
4 62.7091
5 53.3637
6 50.1197
7 55.9596
8 65.5143
9 69.9991
10 65.2908
11 55.7182
12 50.0822
13 53.5646
14 62.9637
15 69.638
16 67.4511
17 58.4138
18 50.8348
19 51.6823
20 60.177
21 68.509
22 69.0179
23 61.2357
0 52.3175
1 50.4625
